812.6658316297195
309.60069190867534
405.236233368192
434.04849995025984
332.55950026952473
404.7111726903066
321.1903527228445
422.38807141161146
316.4249416901209
415.6237660813685
431.05894387986626
310.3961892091654
305.85191370351197
421.85422073286634
429.1395141034973
433.9383605317882
177.95495797464582
326.42792022898664
400.8961137040437
323.4341596791797
330.5806674603833
415.3718261717466
413.639311162751
406.58346844217317
112.1909765571989
307.57309264499713
427.8539337117911
320.2418126119875
319.1542457237049
425.6509968304264
419.73102086719484
420.49256776320834
329.2699274898377
433.30431122042904
414.4587803352557
328.3907898225591
322.10134474879175
401.7191036628634
408.1168863272723
414.57258808036676
414.79554396295373
408.56849784832934
493.18611408459856
401.40819658600765
407.4521931718747
432.6133192705331
433.49148953792894
427.6424935088844
402.3542907300874
401.15079457381495
425.20473441765284
413.78339669070954
415.3098390163916
428.29664180537236
421.2068125228903
419.360442321211
326.63306817015473
431.73216735003706
415.4833047110049
331.0136495231261
323.76673217303863
400.8042061850107
405.51321252768844
412.81725013719154
126.71022040563476
316.2297320222507
422.21263190659636
305.799654363918
309.98418271190246
430.6886639816871
434.0675364771685
430.15792208952223
169.14985213638394
165.4821506659074
404.31724637313
332.1925174307711
506.8807270298989
332.80464213224485
423.3565295546884
491.9487835128832
308.8446070070043
411.10423156596045
434.00420440295176
317.93627836323606
310.63950095119185
419.2241111054416
421.65457978819944
428.89218723315184
433.8843518180853
431.7665311545748
406.19089506012597
419.3729519509236
421.1739369465289
409.8389063340521
415.2953072032019
413.81471903274667
498.0666890554654
321.65519795470965
420.736093374795
427.5955016246504
415.0614936849158
179.02171680392092
425.910938943746
321.91648495999146
379.83019496632653
408.52111122538304
433.1847596630748
319.679005268066
313.24622453959364
420.15474737678835
420.0022837230301
426.2670147722314
179.22472846923802
335.4014975322119
408.8293255385884
322.5966028123504
321.78848703565234
407.1924349086129
414.042998268249
487.99216661275887
120.60037382242322
307.60407352694745
419.476309339306
311.6190375709293
318.6886581140014
433.7962817468675
428.5501235377064
421.39184147628816
321.37308801614154
424.3063192730581
413.1275986874715
336.0235691275865
331.26043389575295
403.47956104842365
400.7632597804598
405.2705123548071
485.4245916025926
415.62843102692
429.79748329233274
404.01592044546885
400.6999132402639
423.08069681241784
430.4674502750931
434.0737686494141
411.97401747319475
404.58516969030427
419.1071808771242
404.09558712012915
411.4719189689134
434.0484168175977
430.94354884062534
423.59431843202265
