5.856814268376725
2.9708146396263673
2.403599744671407
2.7331967447808987
2.0352013147556516
4.1017262846476505
3.5505534461177106
4.287458527222205
2.055871758601222
2.644009465067841
3.129193375717591
2.8611994728886723
3.468229039556237
4.358770917014747
3.385593020490132
2.744557576172209
1.145248606786624
2.8509131338852844
4.6113462670543575
3.2508231232763083
2.2961843659621026
2.677663888963086
2.909095243388507
3.851622857266302
2.50393992713557
3.238311970112002
3.5573223329235044
1.5460097357453804
1.691288175860828
3.8515931839815383
4.642390405490689
4.54066209220753
2.471274523973935
2.8292546149501985
2.7996296055626106
2.588710748196106
3.428862079900948
4.5014103185291106
3.6467871264321943
2.7844270356233003
2.7546443315103124
3.5864603382371802
4.910166311669369
4.542941644678425
3.7355776052634027
2.9215581171023683
2.8042511192730135
3.585566759254363
4.416561297009586
4.5773257025389835
3.911205432118552
2.8898481322723457
2.685944204715795
3.498184874846306
4.4452524528877015
4.6918927153539425
2.823509235139476
3.039263407594005
2.662772457029763
2.2383461223092724
3.206397705719298
4.623623379518762
3.99458887752295
3.0189071039367548
0.5644425769657087
2.081948091329981
4.310893938779718
3.4752099024525522
2.9162357762964772
3.17865579186242
2.727302104304244
3.24955290635568
2.3214448067777003
2.811380602157959
4.154347416732883
2.0808715866554035
3.080824109260307
1.9991032625694496
4.1580907707566785
5.075450357462474
3.068461614159653
3.2477341017044403
2.7357620758706993
1.8539856615482213
2.828697609578744
4.710103996498496
4.3854391848122125
3.418631229274842
2.751772122480972
3.034673050924024
3.904063262715501
4.6902216645793615
4.4496440103202906
3.416757706515212
2.687885381093067
2.885664057673412
4.258213474309919
3.488458883559713
4.508131659954902
3.5918439893844423
2.71911846071372
1.0027497312083122
3.8168698164808843
3.4535558638385826
3.6661168828090958
3.592790298020021
2.8452244499579797
1.6211901902915362
2.4804884641778786
4.585788529309521
4.606154800139336
3.769304796358881
0.9756311986561922
1.6522123211687303
3.5516186743468947
3.3627049361853834
3.470653974296293
3.7702764138611613
2.8551702539342187
3.0569470344139167
1.3806029350245577
3.234173508145534
4.676415065352807
2.697849977415045
1.7534819061072668
2.763536624237349
3.464324492493726
4.420536071747885
3.526143454741322
4.031216764009066
2.977450386412043
1.5691152795156373
2.2053803809959094
4.26624638919344
4.629093047495578
4.027009046720649
3.3999266675520587
2.643386316257182
3.2977007368725273
4.194598881915015
4.637554951444217
4.194936826812234
3.2082057740956
2.726469603543031
3.131547096382
4.1185579108100745
4.725723671348214
4.183956915569288
3.198617994063962
2.7298561304960236
3.144607978238687
4.1263266580863505
